$MeshFormat
2.2 0 8
$EndMeshFormat
$Nodes
65
1 0 0 0
2 5 0 0
3 5 5 0
4 0 5 0
5 2.499999999996199 0 0
6 2.5 5 0
7 0 2.5 0
8 5 2.499999999996199 0
9 2.499999999998099 2.499999999998099 0
10 1.2499999999981 0 0
11 2.499999999997149 1.249999999999049 0
12 1.249999999999049 2.49999999999905 0
13 0 1.25 0
14 1.249999999998574 1.249999999999525 0
15 2.49999999999905 3.74999999999905 0
16 1.25 5 0
17 0 3.75 0
18 1.249999999999525 3.749999999999525 0
19 3.749999999998099 0 0
20 5 1.2499999999981 0
21 3.74999999999905 2.499999999997149 0
22 3.749999999998574 1.249999999998574 0
23 5 3.749999999998099 0
24 3.75 5 0
25 3.749999999999525 3.749999999998574 0
26 10 0 0
27 10 5 0
28 7.5 0 0
29 10 2.499999999996199 0
30 7.5 5 0
31 7.5 2.499999999996199 0
32 6.25 0 0
33 7.5 1.2499999999981 0
34 6.25 2.499999999996199 0
35 6.25 1.2499999999981 0
36 7.5 3.749999999998099 0
37 6.25 5 0
38 6.25 3.749999999998099 0
39 8.75 0 0
40 10 1.2499999999981 0
41 8.75 2.499999999996199 0
42 8.75 1.2499999999981 0
43 10 3.749999999998099 0
44 8.75 5 0
45 8.75 3.749999999998099 0
46 10 10 0
47 5 10 0
48 10 7.5 0
49 7.5 10 0
50 5 7.5 0
51 7.5 7.5 0
52 10 6.25 0
53 8.75 7.5 0
54 7.5 6.25 0
55 8.75 6.25 0
56 6.25 7.5 0
57 5 6.25 0
58 6.25 6.25 0
59 10 8.75 0
60 8.75 10 0
61 7.5 8.75 0
62 8.75 8.75 0
63 6.25 10 0
64 5 8.75 0
65 6.25 8.75 0
$EndNodes
$Elements
48
1 3 2 1 1 1 10 14 13
2 3 2 1 1 10 5 11 14
3 3 2 1 1 14 11 9 12
4 3 2 1 1 13 14 12 7
5 3 2 1 1 7 12 18 17
6 3 2 1 1 12 9 15 18
7 3 2 1 1 18 15 6 16
8 3 2 1 1 17 18 16 4
9 3 2 1 1 5 19 22 11
10 3 2 1 1 19 2 20 22
11 3 2 1 1 22 20 8 21
12 3 2 1 1 11 22 21 9
13 3 2 1 1 9 21 25 15
14 3 2 1 1 21 8 23 25
15 3 2 1 1 25 23 3 24
16 3 2 1 1 15 25 24 6
17 3 2 1 2 2 32 35 20
18 3 2 1 2 32 28 33 35
19 3 2 1 2 35 33 31 34
20 3 2 1 2 20 35 34 8
21 3 2 1 2 8 34 38 23
22 3 2 1 2 34 31 36 38
23 3 2 1 2 38 36 30 37
24 3 2 1 2 23 38 37 3
25 3 2 1 2 28 39 42 33
26 3 2 1 2 39 26 40 42
27 3 2 1 2 42 40 29 41
28 3 2 1 2 33 42 41 31
29 3 2 1 2 31 41 45 36
30 3 2 1 2 41 29 43 45
31 3 2 1 2 45 43 27 44
32 3 2 1 2 36 45 44 30
33 3 2 1 3 27 52 55 44
34 3 2 1 3 52 48 53 55
35 3 2 1 3 55 53 51 54
36 3 2 1 3 44 55 54 30
37 3 2 1 3 30 54 58 37
38 3 2 1 3 54 51 56 58
39 3 2 1 3 58 56 50 57
40 3 2 1 3 37 58 57 3
41 3 2 1 3 48 59 62 53
42 3 2 1 3 59 46 60 62
43 3 2 1 3 62 60 49 61
44 3 2 1 3 53 62 61 51
45 3 2 1 3 51 61 65 56
46 3 2 1 3 61 49 63 65
47 3 2 1 3 65 63 47 64
48 3 2 1 3 56 65 64 50
$EndElements
