$MeshFormat
2.2 0 8
$EndMeshFormat
$Nodes
123
1 0 0 0
2 3 0 0
3 3 0.5 0
4 0 0.5 0
5 0.4999999999978225 0 0
6 0.9999999999960252 0 0
7 1.499999999994286 0 0
8 1.999999999996162 0 0
9 2.499999999998081 0 0
10 2.500000000003165 0.5 0
11 2.000000000001938 0.5 0
12 1.500000000004162 0.5 0
13 1.000000000002804 0.5 0
14 0.500000000001402 0.5 0
15 0.2499999999989113 0 0
16 0.4999999999996123 0.25 0
17 0.250000000000701 0.5 0
18 0 0.25 0
19 0.2499999999998061 0.25 0
20 0.7499999999969238 0 0
21 0.9999999999994146 0.25 0
22 0.750000000002103 0.5 0
23 0.7499999999995134 0.25 0
24 1.249999999995155 0 0
25 1.499999999999224 0.25 0
26 1.250000000003483 0.5 0
27 1.249999999999319 0.25 0
28 1.749999999995224 0 0
29 1.99999999999905 0.25 0
30 1.75000000000305 0.5 0
31 1.749999999999137 0.25 0
32 2.249999999997121 0 0
33 2.500000000000623 0.25 0
34 2.250000000002552 0.5 0
35 2.249999999999837 0.25 0
36 2.749999999999041 0 0
37 3 0.25 0
38 2.750000000001583 0.5 0
39 2.750000000000312 0.25 0
40 7 0 0
41 7 0.5 0
42 3.500000000004772 0 0
43 4.000000000004165 0 0
44 4.500000000003473 0 0
45 5.000000000002782 0 0
46 5.500000000002085 0 0
47 6.000000000001391 0 0
48 6.500000000000695 0 0
49 6.500000000001389 0.5 0
50 6.000000000002777 0.5 0
51 5.500000000004164 0.5 0
52 5.000000000005551 0.5 0
53 4.500000000006938 0.5 0
54 4.000000000008239 0.5 0
55 3.500000000004162 0.5 0
56 3.250000000002386 0 0
57 3.500000000004467 0.25 0
58 3.250000000002081 0.5 0
59 3.250000000002233 0.25 0
60 3.750000000004468 0 0
61 4.000000000006201 0.25 0
62 3.7500000000062 0.5 0
63 3.750000000005334 0.25 0
64 4.250000000003819 0 0
65 4.500000000005205 0.25 0
66 4.250000000007589 0.5 0
67 4.250000000005703 0.25 0
68 4.750000000003127 0 0
69 5.000000000004166 0.25 0
70 4.750000000006244 0.5 0
71 4.750000000004685 0.25 0
72 5.250000000002434 0 0
73 5.500000000003125 0.25 0
74 5.250000000004857 0.5 0
75 5.250000000003646 0.25 0
76 5.750000000001738 0 0
77 6.000000000002084 0.25 0
78 5.750000000003471 0.5 0
79 5.750000000002604 0.25 0
80 6.250000000001043 0 0
81 6.500000000001043 0.25 0
82 6.250000000002084 0.5 0
83 6.250000000001563 0.25 0
84 6.750000000000348 0 0
85 7 0.25 0
86 6.750000000000695 0.5 0
87 6.750000000000521 0.25 0
88 10 0 0
89 10 0.5 0
90 7.499999999995083 0 0
91 7.999999999989936 0 0
92 8.499999999970679 0 0
93 8.999999999980222 0 0
94 9.499999999990111 0 0
95 9.500000000009889 0.5 0
96 9.000000000019778 0.5 0
97 8.500000000029321 0.5 0
98 8.000000000010067 0.5 0
99 7.500000000004918 0.5 0
100 7.249999999997542 0 0
101 7.5 0.25 0
102 7.250000000002458 0.5 0
103 7.25 0.25 0
104 7.749999999992509 0 0
105 8.000000000000002 0.25 0
106 7.750000000007493 0.5 0
107 7.750000000000002 0.25 0
108 8.249999999980307 0 0
109 8.5 0.25 0
110 8.250000000019693 0.5 0
111 8.25 0.25 0
112 8.749999999975451 0 0
113 9 0.25 0
114 8.750000000024549 0.5 0
115 8.75 0.25 0
116 9.249999999985167 0 0
117 9.5 0.25 0
118 9.250000000014833 0.5 0
119 9.25 0.25 0
120 9.749999999995055 0 0
121 10 0.25 0
122 9.750000000004945 0.5 0
123 9.75 0.25 0
$EndNodes
$Elements
80
1 3 2 1 1 1 15 19 18
2 3 2 1 1 15 5 16 19
3 3 2 1 1 19 16 14 17
4 3 2 1 1 18 19 17 4
5 3 2 1 1 5 20 23 16
6 3 2 1 1 20 6 21 23
7 3 2 1 1 23 21 13 22
8 3 2 1 1 16 23 22 14
9 3 2 1 1 6 24 27 21
10 3 2 1 1 24 7 25 27
11 3 2 1 1 27 25 12 26
12 3 2 1 1 21 27 26 13
13 3 2 1 1 7 28 31 25
14 3 2 1 1 28 8 29 31
15 3 2 1 1 31 29 11 30
16 3 2 1 1 25 31 30 12
17 3 2 1 1 8 32 35 29
18 3 2 1 1 32 9 33 35
19 3 2 1 1 35 33 10 34
20 3 2 1 1 29 35 34 11
21 3 2 1 1 9 36 39 33
22 3 2 1 1 36 2 37 39
23 3 2 1 1 39 37 3 38
24 3 2 1 1 33 39 38 10
25 3 2 1 2 2 56 59 37
26 3 2 1 2 56 42 57 59
27 3 2 1 2 59 57 55 58
28 3 2 1 2 37 59 58 3
29 3 2 1 2 42 60 63 57
30 3 2 1 2 60 43 61 63
31 3 2 1 2 63 61 54 62
32 3 2 1 2 57 63 62 55
33 3 2 1 2 43 64 67 61
34 3 2 1 2 64 44 65 67
35 3 2 1 2 67 65 53 66
36 3 2 1 2 61 67 66 54
37 3 2 1 2 44 68 71 65
38 3 2 1 2 68 45 69 71
39 3 2 1 2 71 69 52 70
40 3 2 1 2 65 71 70 53
41 3 2 1 2 45 72 75 69
42 3 2 1 2 72 46 73 75
43 3 2 1 2 75 73 51 74
44 3 2 1 2 69 75 74 52
45 3 2 1 2 46 76 79 73
46 3 2 1 2 76 47 77 79
47 3 2 1 2 79 77 50 78
48 3 2 1 2 73 79 78 51
49 3 2 1 2 47 80 83 77
50 3 2 1 2 80 48 81 83
51 3 2 1 2 83 81 49 82
52 3 2 1 2 77 83 82 50
53 3 2 1 2 48 84 87 81
54 3 2 1 2 84 40 85 87
55 3 2 1 2 87 85 41 86
56 3 2 1 2 81 87 86 49
57 3 2 1 3 40 100 103 85
58 3 2 1 3 100 90 101 103
59 3 2 1 3 103 101 99 102
60 3 2 1 3 85 103 102 41
61 3 2 1 3 90 104 107 101
62 3 2 1 3 104 91 105 107
63 3 2 1 3 107 105 98 106
64 3 2 1 3 101 107 106 99
65 3 2 1 3 91 108 111 105
66 3 2 1 3 108 92 109 111
67 3 2 1 3 111 109 97 110
68 3 2 1 3 105 111 110 98
69 3 2 1 3 92 112 115 109
70 3 2 1 3 112 93 113 115
71 3 2 1 3 115 113 96 114
72 3 2 1 3 109 115 114 97
73 3 2 1 3 93 116 119 113
74 3 2 1 3 116 94 117 119
75 3 2 1 3 119 117 95 118
76 3 2 1 3 113 119 118 96
77 3 2 1 3 94 120 123 117
78 3 2 1 3 120 88 121 123
79 3 2 1 3 123 121 89 122
80 3 2 1 3 117 123 122 95
$EndElements
