$MeshFormat
2.2 0 8
$EndMeshFormat
$Nodes
405
1 0 0 0
2 3 0 0
3 3 0.5 0
4 0 0.5 0
5 0.4999999999978225 0 0
6 0.9999999999960252 0 0
7 1.499999999994286 0 0
8 1.999999999996162 0 0
9 2.499999999998081 0 0
10 2.500000000003165 0.5 0
11 2.000000000001938 0.5 0
12 1.500000000004162 0.5 0
13 1.000000000002804 0.5 0
14 0.500000000001402 0.5 0
15 0.2499999999989113 0 0
16 0.4999999999996123 0.25 0
17 0.250000000000701 0.5 0
18 0 0.25 0
19 0.2499999999998061 0.25 0
20 0.7499999999969238 0 0
21 0.9999999999994146 0.25 0
22 0.750000000002103 0.5 0
23 0.7499999999995134 0.25 0
24 1.249999999995155 0 0
25 1.499999999999224 0.25 0
26 1.250000000003483 0.5 0
27 1.249999999999319 0.25 0
28 1.749999999995224 0 0
29 1.99999999999905 0.25 0
30 1.75000000000305 0.5 0
31 1.749999999999137 0.25 0
32 2.249999999997121 0 0
33 2.500000000000623 0.25 0
34 2.250000000002552 0.5 0
35 2.249999999999837 0.25 0
36 2.749999999999041 0 0
37 3 0.25 0
38 2.750000000001583 0.5 0
39 2.750000000000312 0.25 0
40 0.1249999999994556 0 0
41 0.2499999999993587 0.125 0
42 0.124999999999903 0.25 0
43 0 0.125 0
44 0.1249999999996793 0.125 0
45 0.3749999999983669 0 0
46 0.4999999999987174 0.125 0
47 0.3749999999997092 0.25 0
48 0.3749999999990381 0.125 0
49 0.5000000000005071 0.375 0
50 0.3750000000010515 0.5 0
51 0.2500000000002536 0.375 0
52 0.3750000000003804 0.375 0
53 0.1250000000003505 0.5 0
54 0 0.375 0
55 0.1250000000001268 0.375 0
56 0.6249999999973732 0 0
57 0.7499999999982185 0.125 0
58 0.6249999999995628 0.25 0
59 0.624999999998468 0.125 0
60 0.8749999999964745 0 0
61 0.9999999999977198 0.125 0
62 0.874999999999464 0.25 0
63 0.8749999999979692 0.125 0
64 1.000000000001109 0.375 0
65 0.8750000000024535 0.5 0
66 0.7500000000008082 0.375 0
67 0.8750000000009588 0.375 0
68 0.6250000000017525 0.5 0
69 0.6250000000006577 0.375 0
70 1.12499999999559 0 0
71 1.249999999997237 0.125 0
72 1.124999999999367 0.25 0
73 1.124999999997478 0.125 0
74 1.37499999999472 0 0
75 1.499999999996755 0.125 0
76 1.374999999999271 0.25 0
77 1.374999999996996 0.125 0
78 1.500000000001693 0.375 0
79 1.375000000003822 0.5 0
80 1.250000000001401 0.375 0
81 1.375000000001547 0.375 0
82 1.125000000003143 0.5 0
83 1.125000000001255 0.375 0
84 1.624999999994755 0 0
85 1.74999999999718 0.125 0
86 1.62499999999918 0.25 0
87 1.624999999996968 0.125 0
88 1.874999999995693 0 0
89 1.999999999997606 0.125 0
90 1.874999999999094 0.25 0
91 1.874999999997393 0.125 0
92 2.000000000000494 0.375 0
93 1.875000000002494 0.5 0
94 1.750000000001093 0.375 0
95 1.875000000000794 0.375 0
96 1.625000000003606 0.5 0
97 1.625000000001393 0.375 0
98 2.124999999996641 0 0
99 2.249999999998479 0.125 0
100 2.124999999999444 0.25 0
101 2.124999999998042 0.125 0
102 2.374999999997601 0 0
103 2.499999999999352 0.125 0
104 2.37500000000023 0.25 0
105 2.374999999998916 0.125 0
106 2.500000000001894 0.375 0
107 2.375000000002859 0.5 0
108 2.250000000001195 0.375 0
109 2.375000000001544 0.375 0
110 2.125000000002245 0.5 0
111 2.125000000000845 0.375 0
112 2.624999999998561 0 0
113 2.749999999999677 0.125 0
114 2.625000000000468 0.25 0
115 2.624999999999514 0.125 0
116 2.87499999999952 0 0
117 3 0.125 0
118 2.875000000000156 0.25 0
119 2.874999999999838 0.125 0
120 3 0.375 0
121 2.875000000000791 0.5 0
122 2.750000000000948 0.375 0
123 2.875000000000474 0.375 0
124 2.625000000002374 0.5 0
125 2.625000000001421 0.375 0
126 7 0 0
127 7 0.5 0
128 3.500000000004772 0 0
129 4.000000000004165 0 0
130 4.500000000003473 0 0
131 5.000000000002782 0 0
132 5.500000000002085 0 0
133 6.000000000001391 0 0
134 6.500000000000695 0 0
135 6.500000000001389 0.5 0
136 6.000000000002777 0.5 0
137 5.500000000004164 0.5 0
138 5.000000000005551 0.5 0
139 4.500000000006938 0.5 0
140 4.000000000008239 0.5 0
141 3.500000000004162 0.5 0
142 3.250000000002386 0 0
143 3.500000000004467 0.25 0
144 3.250000000002081 0.5 0
145 3.250000000002233 0.25 0
146 3.750000000004468 0 0
147 4.000000000006201 0.25 0
148 3.7500000000062 0.5 0
149 3.750000000005334 0.25 0
150 4.250000000003819 0 0
151 4.500000000005205 0.25 0
152 4.250000000007589 0.5 0
153 4.250000000005703 0.25 0
154 4.750000000003127 0 0
155 5.000000000004166 0.25 0
156 4.750000000006244 0.5 0
157 4.750000000004685 0.25 0
158 5.250000000002434 0 0
159 5.500000000003125 0.25 0
160 5.250000000004857 0.5 0
161 5.250000000003646 0.25 0
162 5.750000000001738 0 0
163 6.000000000002084 0.25 0
164 5.750000000003471 0.5 0
165 5.750000000002604 0.25 0
166 6.250000000001043 0 0
167 6.500000000001043 0.25 0
168 6.250000000002084 0.5 0
169 6.250000000001563 0.25 0
170 6.750000000000348 0 0
171 7 0.25 0
172 6.750000000000695 0.5 0
173 6.750000000000521 0.25 0
174 3.125000000001193 0 0
175 3.250000000002309 0.125 0
176 3.125000000001116 0.25 0
177 3.125000000001155 0.125 0
178 3.375000000003579 0 0
179 3.500000000004619 0.125 0
180 3.37500000000335 0.25 0
181 3.375000000003464 0.125 0
182 3.500000000004315 0.375 0
183 3.375000000003122 0.5 0
184 3.250000000002157 0.375 0
185 3.375000000003236 0.375 0
186 3.125000000001041 0.5 0
187 3.125000000001079 0.375 0
188 3.62500000000462 0 0
189 3.750000000004901 0.125 0
190 3.625000000004901 0.25 0
191 3.62500000000476 0.125 0
192 3.875000000004317 0 0
193 4.000000000005183 0.125 0
194 3.875000000005768 0.25 0
195 3.875000000005042 0.125 0
196 4.00000000000722 0.375 0
197 3.875000000007219 0.5 0
198 3.750000000005767 0.375 0
199 3.875000000006493 0.375 0
200 3.625000000005181 0.5 0
201 3.62500000000504 0.375 0
202 4.125000000003991 0 0
203 4.250000000004761 0.125 0
204 4.125000000005953 0.25 0
205 4.125000000004972 0.125 0
206 4.375000000003646 0 0
207 4.500000000004339 0.125 0
208 4.375000000005453 0.25 0
209 4.375000000004549 0.125 0
210 4.500000000006072 0.375 0
211 4.375000000007264 0.5 0
212 4.250000000006645 0.375 0
213 4.375000000006358 0.375 0
214 4.125000000007914 0.5 0
215 4.125000000006933 0.375 0
216 4.6250000000033 0 0
217 4.750000000003906 0.125 0
218 4.625000000004945 0.25 0
219 4.625000000004123 0.125 0
220 4.875000000002954 0 0
221 5.000000000003474 0.125 0
222 4.875000000004425 0.25 0
223 4.875000000003689 0.125 0
224 5.000000000004858 0.375 0
225 4.875000000005898 0.5 0
226 4.750000000005464 0.375 0
227 4.875000000005161 0.375 0
228 4.62500000000659 0.5 0
229 4.625000000005768 0.375 0
230 5.125000000002608 0 0
231 5.250000000003039 0.125 0
232 5.125000000003906 0.25 0
233 5.125000000003258 0.125 0
234 5.37500000000226 0 0
235 5.500000000002605 0.125 0
236 5.375000000003386 0.25 0
237 5.375000000002823 0.125 0
238 5.500000000003644 0.375 0
239 5.37500000000451 0.5 0
240 5.250000000004251 0.375 0
241 5.375000000003947 0.375 0
242 5.125000000005204 0.5 0
243 5.125000000004555 0.375 0
244 5.625000000001911 0 0
245 5.750000000002171 0.125 0
246 5.625000000002864 0.25 0
247 5.625000000002388 0.125 0
248 5.875000000001565 0 0
249 6.000000000001737 0.125 0
250 5.875000000002344 0.25 0
251 5.875000000001954 0.125 0
252 6.00000000000243 0.375 0
253 5.875000000003125 0.5 0
254 5.750000000003038 0.375 0
255 5.875000000002734 0.375 0
256 5.625000000003817 0.5 0
257 5.62500000000334 0.375 0
258 6.125000000001217 0 0
259 6.250000000001303 0.125 0
260 6.125000000001823 0.25 0
261 6.12500000000152 0.125 0
262 6.375000000000869 0 0
263 6.500000000000869 0.125 0
264 6.375000000001303 0.25 0
265 6.375000000001086 0.125 0
266 6.500000000001216 0.375 0
267 6.375000000001736 0.5 0
268 6.250000000001823 0.375 0
269 6.375000000001521 0.375 0
270 6.12500000000243 0.5 0
271 6.125000000002126 0.375 0
272 6.625000000000522 0 0
273 6.750000000000435 0.125 0
274 6.625000000000782 0.25 0
275 6.625000000000652 0.125 0
276 6.875000000000174 0 0
277 7 0.125 0
278 6.875000000000261 0.25 0
279 6.875000000000218 0.125 0
280 7 0.375 0
281 6.875000000000348 0.5 0
282 6.750000000000608 0.375 0
283 6.875000000000304 0.375 0
284 6.625000000001043 0.5 0
285 6.625000000000912 0.375 0
286 10 0 0
287 10 0.5 0
288 7.499999999995083 0 0
289 7.999999999989936 0 0
290 8.499999999970679 0 0
291 8.999999999980222 0 0
292 9.499999999990111 0 0
293 9.500000000009889 0.5 0
294 9.000000000019778 0.5 0
295 8.500000000029321 0.5 0
296 8.000000000010067 0.5 0
297 7.500000000004918 0.5 0
298 7.249999999997542 0 0
299 7.5 0.25 0
300 7.250000000002458 0.5 0
301 7.25 0.25 0
302 7.749999999992509 0 0
303 8.000000000000002 0.25 0
304 7.750000000007493 0.5 0
305 7.750000000000002 0.25 0
306 8.249999999980307 0 0
307 8.5 0.25 0
308 8.250000000019693 0.5 0
309 8.25 0.25 0
310 8.749999999975451 0 0
311 9 0.25 0
312 8.750000000024549 0.5 0
313 8.75 0.25 0
314 9.249999999985167 0 0
315 9.5 0.25 0
316 9.250000000014833 0.5 0
317 9.25 0.25 0
318 9.749999999995055 0 0
319 10 0.25 0
320 9.750000000004945 0.5 0
321 9.75 0.25 0
322 7.124999999998771 0 0
323 7.249999999998771 0.125 0
324 7.125 0.25 0
325 7.124999999999385 0.125 0
326 7.374999999996312 0 0
327 7.499999999997542 0.125 0
328 7.375 0.25 0
329 7.374999999998156 0.125 0
330 7.500000000002458 0.375 0
331 7.375000000003688 0.5 0
332 7.250000000001229 0.375 0
333 7.375000000001844 0.375 0
334 7.125000000001229 0.5 0
335 7.125000000000615 0.375 0
336 7.624999999993796 0 0
337 7.749999999996255 0.125 0
338 7.625000000000001 0.25 0
339 7.624999999996898 0.125 0
340 7.874999999991223 0 0
341 7.999999999994969 0.125 0
342 7.875000000000002 0.25 0
343 7.874999999995612 0.125 0
344 8.000000000005034 0.375 0
345 7.87500000000878 0.5 0
346 7.750000000003747 0.375 0
347 7.875000000004391 0.375 0
348 7.625000000006205 0.5 0
349 7.625000000003102 0.375 0
350 8.124999999985121 0 0
351 8.249999999990154 0.125 0
352 8.125 0.25 0
353 8.124999999992561 0.125 0
354 8.374999999975493 0 0
355 8.49999999998534 0.125 0
356 8.375 0.25 0
357 8.374999999987747 0.125 0
358 8.50000000001466 0.375 0
359 8.375000000024507 0.5 0
360 8.250000000009846 0.375 0
361 8.375000000012253 0.375 0
362 8.125000000014879 0.5 0
363 8.125000000007439 0.375 0
364 8.624999999973065 0 0
365 8.749999999987725 0.125 0
366 8.625 0.25 0
367 8.624999999986533 0.125 0
368 8.874999999977836 0 0
369 8.999999999990111 0.125 0
370 8.875 0.25 0
371 8.874999999988917 0.125 0
372 9.000000000009889 0.375 0
373 8.875000000022164 0.5 0
374 8.750000000012275 0.375 0
375 8.875000000011083 0.375 0
376 8.625000000026935 0.5 0
377 8.625000000013467 0.375 0
378 9.124999999982695 0 0
379 9.249999999992584 0.125 0
380 9.125 0.25 0
381 9.124999999991347 0.125 0
382 9.37499999998764 0 0
383 9.499999999995055 0.125 0
384 9.375 0.25 0
385 9.374999999993818 0.125 0
386 9.500000000004945 0.375 0
387 9.37500000001236 0.5 0
388 9.250000000007416 0.375 0
389 9.375000000006178 0.375 0
390 9.125000000017305 0.5 0
391 9.125000000008653 0.375 0
392 9.624999999992582 0 0
393 9.749999999997527 0.125 0
394 9.625 0.25 0
395 9.624999999996291 0.125 0
396 9.874999999997527 0 0
397 10 0.125 0
398 9.875 0.25 0
399 9.874999999998764 0.125 0
400 10 0.375 0
401 9.875000000002473 0.5 0
402 9.750000000002473 0.375 0
403 9.875000000001236 0.375 0
404 9.625000000007418 0.5 0
405 9.625000000003709 0.375 0
$EndNodes
$Elements
320
1 3 2 1 1 1 40 44 43
2 3 2 1 1 40 15 41 44
3 3 2 1 1 44 41 19 42
4 3 2 1 1 43 44 42 18
5 3 2 1 1 15 45 48 41
6 3 2 1 1 45 5 46 48
7 3 2 1 1 48 46 16 47
8 3 2 1 1 41 48 47 19
9 3 2 1 1 19 47 52 51
10 3 2 1 1 47 16 49 52
11 3 2 1 1 52 49 14 50
12 3 2 1 1 51 52 50 17
13 3 2 1 1 18 42 55 54
14 3 2 1 1 42 19 51 55
15 3 2 1 1 55 51 17 53
16 3 2 1 1 54 55 53 4
17 3 2 1 1 5 56 59 46
18 3 2 1 1 56 20 57 59
19 3 2 1 1 59 57 23 58
20 3 2 1 1 46 59 58 16
21 3 2 1 1 20 60 63 57
22 3 2 1 1 60 6 61 63
23 3 2 1 1 63 61 21 62
24 3 2 1 1 57 63 62 23
25 3 2 1 1 23 62 67 66
26 3 2 1 1 62 21 64 67
27 3 2 1 1 67 64 13 65
28 3 2 1 1 66 67 65 22
29 3 2 1 1 16 58 69 49
30 3 2 1 1 58 23 66 69
31 3 2 1 1 69 66 22 68
32 3 2 1 1 49 69 68 14
33 3 2 1 1 6 70 73 61
34 3 2 1 1 70 24 71 73
35 3 2 1 1 73 71 27 72
36 3 2 1 1 61 73 72 21
37 3 2 1 1 24 74 77 71
38 3 2 1 1 74 7 75 77
39 3 2 1 1 77 75 25 76
40 3 2 1 1 71 77 76 27
41 3 2 1 1 27 76 81 80
42 3 2 1 1 76 25 78 81
43 3 2 1 1 81 78 12 79
44 3 2 1 1 80 81 79 26
45 3 2 1 1 21 72 83 64
46 3 2 1 1 72 27 80 83
47 3 2 1 1 83 80 26 82
48 3 2 1 1 64 83 82 13
49 3 2 1 1 7 84 87 75
50 3 2 1 1 84 28 85 87
51 3 2 1 1 87 85 31 86
52 3 2 1 1 75 87 86 25
53 3 2 1 1 28 88 91 85
54 3 2 1 1 88 8 89 91
55 3 2 1 1 91 89 29 90
56 3 2 1 1 85 91 90 31
57 3 2 1 1 31 90 95 94
58 3 2 1 1 90 29 92 95
59 3 2 1 1 95 92 11 93
60 3 2 1 1 94 95 93 30
61 3 2 1 1 25 86 97 78
62 3 2 1 1 86 31 94 97
63 3 2 1 1 97 94 30 96
64 3 2 1 1 78 97 96 12
65 3 2 1 1 8 98 101 89
66 3 2 1 1 98 32 99 101
67 3 2 1 1 101 99 35 100
68 3 2 1 1 89 101 100 29
69 3 2 1 1 32 102 105 99
70 3 2 1 1 102 9 103 105
71 3 2 1 1 105 103 33 104
72 3 2 1 1 99 105 104 35
73 3 2 1 1 35 104 109 108
74 3 2 1 1 104 33 106 109
75 3 2 1 1 109 106 10 107
76 3 2 1 1 108 109 107 34
77 3 2 1 1 29 100 111 92
78 3 2 1 1 100 35 108 111
79 3 2 1 1 111 108 34 110
80 3 2 1 1 92 111 110 11
81 3 2 1 1 9 112 115 103
82 3 2 1 1 112 36 113 115
83 3 2 1 1 115 113 39 114
84 3 2 1 1 103 115 114 33
85 3 2 1 1 36 116 119 113
86 3 2 1 1 116 2 117 119
87 3 2 1 1 119 117 37 118
88 3 2 1 1 113 119 118 39
89 3 2 1 1 39 118 123 122
90 3 2 1 1 118 37 120 123
91 3 2 1 1 123 120 3 121
92 3 2 1 1 122 123 121 38
93 3 2 1 1 33 114 125 106
94 3 2 1 1 114 39 122 125
95 3 2 1 1 125 122 38 124
96 3 2 1 1 106 125 124 10
97 3 2 1 2 2 174 177 117
98 3 2 1 2 174 142 175 177
99 3 2 1 2 177 175 145 176
100 3 2 1 2 117 177 176 37
101 3 2 1 2 142 178 181 175
102 3 2 1 2 178 128 179 181
103 3 2 1 2 181 179 143 180
104 3 2 1 2 175 181 180 145
105 3 2 1 2 145 180 185 184
106 3 2 1 2 180 143 182 185
107 3 2 1 2 185 182 141 183
108 3 2 1 2 184 185 183 144
109 3 2 1 2 37 176 187 120
110 3 2 1 2 176 145 184 187
111 3 2 1 2 187 184 144 186
112 3 2 1 2 120 187 186 3
113 3 2 1 2 128 188 191 179
114 3 2 1 2 188 146 189 191
115 3 2 1 2 191 189 149 190
116 3 2 1 2 179 191 190 143
117 3 2 1 2 146 192 195 189
118 3 2 1 2 192 129 193 195
119 3 2 1 2 195 193 147 194
120 3 2 1 2 189 195 194 149
121 3 2 1 2 149 194 199 198
122 3 2 1 2 194 147 196 199
123 3 2 1 2 199 196 140 197
124 3 2 1 2 198 199 197 148
125 3 2 1 2 143 190 201 182
126 3 2 1 2 190 149 198 201
127 3 2 1 2 201 198 148 200
128 3 2 1 2 182 201 200 141
129 3 2 1 2 129 202 205 193
130 3 2 1 2 202 150 203 205
131 3 2 1 2 205 203 153 204
132 3 2 1 2 193 205 204 147
133 3 2 1 2 150 206 209 203
134 3 2 1 2 206 130 207 209
135 3 2 1 2 209 207 151 208
136 3 2 1 2 203 209 208 153
137 3 2 1 2 153 208 213 212
138 3 2 1 2 208 151 210 213
139 3 2 1 2 213 210 139 211
140 3 2 1 2 212 213 211 152
141 3 2 1 2 147 204 215 196
142 3 2 1 2 204 153 212 215
143 3 2 1 2 215 212 152 214
144 3 2 1 2 196 215 214 140
145 3 2 1 2 130 216 219 207
146 3 2 1 2 216 154 217 219
147 3 2 1 2 219 217 157 218
148 3 2 1 2 207 219 218 151
149 3 2 1 2 154 220 223 217
150 3 2 1 2 220 131 221 223
151 3 2 1 2 223 221 155 222
152 3 2 1 2 217 223 222 157
153 3 2 1 2 157 222 227 226
154 3 2 1 2 222 155 224 227
155 3 2 1 2 227 224 138 225
156 3 2 1 2 226 227 225 156
157 3 2 1 2 151 218 229 210
158 3 2 1 2 218 157 226 229
159 3 2 1 2 229 226 156 228
160 3 2 1 2 210 229 228 139
161 3 2 1 2 131 230 233 221
162 3 2 1 2 230 158 231 233
163 3 2 1 2 233 231 161 232
164 3 2 1 2 221 233 232 155
165 3 2 1 2 158 234 237 231
166 3 2 1 2 234 132 235 237
167 3 2 1 2 237 235 159 236
168 3 2 1 2 231 237 236 161
169 3 2 1 2 161 236 241 240
170 3 2 1 2 236 159 238 241
171 3 2 1 2 241 238 137 239
172 3 2 1 2 240 241 239 160
173 3 2 1 2 155 232 243 224
174 3 2 1 2 232 161 240 243
175 3 2 1 2 243 240 160 242
176 3 2 1 2 224 243 242 138
177 3 2 1 2 132 244 247 235
178 3 2 1 2 244 162 245 247
179 3 2 1 2 247 245 165 246
180 3 2 1 2 235 247 246 159
181 3 2 1 2 162 248 251 245
182 3 2 1 2 248 133 249 251
183 3 2 1 2 251 249 163 250
184 3 2 1 2 245 251 250 165
185 3 2 1 2 165 250 255 254
186 3 2 1 2 250 163 252 255
187 3 2 1 2 255 252 136 253
188 3 2 1 2 254 255 253 164
189 3 2 1 2 159 246 257 238
190 3 2 1 2 246 165 254 257
191 3 2 1 2 257 254 164 256
192 3 2 1 2 238 257 256 137
193 3 2 1 2 133 258 261 249
194 3 2 1 2 258 166 259 261
195 3 2 1 2 261 259 169 260
196 3 2 1 2 249 261 260 163
197 3 2 1 2 166 262 265 259
198 3 2 1 2 262 134 263 265
199 3 2 1 2 265 263 167 264
200 3 2 1 2 259 265 264 169
201 3 2 1 2 169 264 269 268
202 3 2 1 2 264 167 266 269
203 3 2 1 2 269 266 135 267
204 3 2 1 2 268 269 267 168
205 3 2 1 2 163 260 271 252
206 3 2 1 2 260 169 268 271
207 3 2 1 2 271 268 168 270
208 3 2 1 2 252 271 270 136
209 3 2 1 2 134 272 275 263
210 3 2 1 2 272 170 273 275
211 3 2 1 2 275 273 173 274
212 3 2 1 2 263 275 274 167
213 3 2 1 2 170 276 279 273
214 3 2 1 2 276 126 277 279
215 3 2 1 2 279 277 171 278
216 3 2 1 2 273 279 278 173
217 3 2 1 2 173 278 283 282
218 3 2 1 2 278 171 280 283
219 3 2 1 2 283 280 127 281
220 3 2 1 2 282 283 281 172
221 3 2 1 2 167 274 285 266
222 3 2 1 2 274 173 282 285
223 3 2 1 2 285 282 172 284
224 3 2 1 2 266 285 284 135
225 3 2 1 3 126 322 325 277
226 3 2 1 3 322 298 323 325
227 3 2 1 3 325 323 301 324
228 3 2 1 3 277 325 324 171
229 3 2 1 3 298 326 329 323
230 3 2 1 3 326 288 327 329
231 3 2 1 3 329 327 299 328
232 3 2 1 3 323 329 328 301
233 3 2 1 3 301 328 333 332
234 3 2 1 3 328 299 330 333
235 3 2 1 3 333 330 297 331
236 3 2 1 3 332 333 331 300
237 3 2 1 3 171 324 335 280
238 3 2 1 3 324 301 332 335
239 3 2 1 3 335 332 300 334
240 3 2 1 3 280 335 334 127
241 3 2 1 3 288 336 339 327
242 3 2 1 3 336 302 337 339
243 3 2 1 3 339 337 305 338
244 3 2 1 3 327 339 338 299
245 3 2 1 3 302 340 343 337
246 3 2 1 3 340 289 341 343
247 3 2 1 3 343 341 303 342
248 3 2 1 3 337 343 342 305
249 3 2 1 3 305 342 347 346
250 3 2 1 3 342 303 344 347
251 3 2 1 3 347 344 296 345
252 3 2 1 3 346 347 345 304
253 3 2 1 3 299 338 349 330
254 3 2 1 3 338 305 346 349
255 3 2 1 3 349 346 304 348
256 3 2 1 3 330 349 348 297
257 3 2 1 3 289 350 353 341
258 3 2 1 3 350 306 351 353
259 3 2 1 3 353 351 309 352
260 3 2 1 3 341 353 352 303
261 3 2 1 3 306 354 357 351
262 3 2 1 3 354 290 355 357
263 3 2 1 3 357 355 307 356
264 3 2 1 3 351 357 356 309
265 3 2 1 3 309 356 361 360
266 3 2 1 3 356 307 358 361
267 3 2 1 3 361 358 295 359
268 3 2 1 3 360 361 359 308
269 3 2 1 3 303 352 363 344
270 3 2 1 3 352 309 360 363
271 3 2 1 3 363 360 308 362
272 3 2 1 3 344 363 362 296
273 3 2 1 3 290 364 367 355
274 3 2 1 3 364 310 365 367
275 3 2 1 3 367 365 313 366
276 3 2 1 3 355 367 366 307
277 3 2 1 3 310 368 371 365
278 3 2 1 3 368 291 369 371
279 3 2 1 3 371 369 311 370
280 3 2 1 3 365 371 370 313
281 3 2 1 3 313 370 375 374
282 3 2 1 3 370 311 372 375
283 3 2 1 3 375 372 294 373
284 3 2 1 3 374 375 373 312
285 3 2 1 3 307 366 377 358
286 3 2 1 3 366 313 374 377
287 3 2 1 3 377 374 312 376
288 3 2 1 3 358 377 376 295
289 3 2 1 3 291 378 381 369
290 3 2 1 3 378 314 379 381
291 3 2 1 3 381 379 317 380
292 3 2 1 3 369 381 380 311
293 3 2 1 3 314 382 385 379
294 3 2 1 3 382 292 383 385
295 3 2 1 3 385 383 315 384
296 3 2 1 3 379 385 384 317
297 3 2 1 3 317 384 389 388
298 3 2 1 3 384 315 386 389
299 3 2 1 3 389 386 293 387
300 3 2 1 3 388 389 387 316
301 3 2 1 3 311 380 391 372
302 3 2 1 3 380 317 388 391
303 3 2 1 3 391 388 316 390
304 3 2 1 3 372 391 390 294
305 3 2 1 3 292 392 395 383
306 3 2 1 3 392 318 393 395
307 3 2 1 3 395 393 321 394
308 3 2 1 3 383 395 394 315
309 3 2 1 3 318 396 399 393
310 3 2 1 3 396 286 397 399
311 3 2 1 3 399 397 319 398
312 3 2 1 3 393 399 398 321
313 3 2 1 3 321 398 403 402
314 3 2 1 3 398 319 400 403
315 3 2 1 3 403 400 287 401
316 3 2 1 3 402 403 401 320
317 3 2 1 3 315 394 405 386
318 3 2 1 3 394 321 402 405
319 3 2 1 3 405 402 320 404
320 3 2 1 3 386 405 404 293
$EndElements
