$MeshFormat
2.2 0 8
$EndMeshFormat
$Nodes
297
1 0 0 0
2 1 0 0
3 1 0.25 0
4 0 0.25 0
5 0.2499999999994109 0 0
6 0.4999999999986921 0 0
7 0.7499999999993406 0 0
8 0.7500000000003471 0.25 0
9 0.5000000000020595 0.25 0
10 0.2500000000010405 0.25 0
11 0.1249999999997054 0 0
12 0.2500000000002257 0.125 0
13 0.1250000000005203 0.25 0
14 0 0.125 0
15 0.1250000000001129 0.125 0
16 0.3749999999990515 0 0
17 0.5000000000003758 0.125 0
18 0.37500000000155 0.25 0
19 0.3750000000003007 0.125 0
20 0.6249999999990163 0 0
21 0.7499999999998439 0.125 0
22 0.6250000000012033 0.25 0
23 0.6250000000001099 0.125 0
24 0.8749999999996703 0 0
25 1 0.125 0
26 0.8750000000001735 0.25 0
27 0.874999999999922 0.125 0
28 0.0624999999998527 0 0
29 0.1249999999999092 0.0625 0
30 0.06250000000005645 0.125 0
31 0 0.0625 0
32 0.06249999999995458 0.0625 0
33 0.1874999999995581 0 0
34 0.2499999999998183 0.0625 0
35 0.1875000000001693 0.125 0
36 0.1874999999998637 0.0625 0
37 0.2500000000006331 0.1875 0
38 0.1875000000007804 0.25 0
39 0.1250000000003166 0.1875 0
40 0.1875000000004749 0.1875 0
41 0.06250000000026015 0.25 0
42 0 0.1875 0
43 0.0625000000001583 0.1875 0
44 0.3124999999992312 0 0
45 0.3749999999996761 0.0625 0
46 0.3125000000002632 0.125 0
47 0.3124999999997472 0.0625 0
48 0.4374999999988718 0 0
49 0.4999999999995339 0.0625 0
50 0.4375000000003383 0.125 0
51 0.4374999999996051 0.0625 0
52 0.5000000000012177 0.1875 0
53 0.4375000000018047 0.25 0
54 0.3750000000009254 0.1875 0
55 0.4375000000010715 0.1875 0
56 0.3125000000012952 0.25 0
57 0.3125000000007792 0.1875 0
58 0.5624999999988542 0 0
59 0.6249999999995631 0.0625 0
60 0.5625000000002429 0.125 0
61 0.5624999999995486 0.0625 0
62 0.6874999999991784 0 0
63 0.7499999999995923 0.0625 0
64 0.6874999999999769 0.125 0
65 0.6874999999995777 0.0625 0
66 0.7500000000000955 0.1875 0
67 0.6875000000007752 0.25 0
68 0.6250000000006566 0.1875 0
69 0.6875000000003759 0.1875 0
70 0.5625000000016314 0.25 0
71 0.5625000000009371 0.1875 0
72 0.8124999999995055 0 0
73 0.8749999999997962 0.0625 0
74 0.812499999999883 0.125 0
75 0.8124999999996942 0.0625 0
76 0.9374999999998351 0 0
77 1 0.0625 0
78 0.9374999999999609 0.125 0
79 0.9374999999998981 0.0625 0
80 1 0.1875 0
81 0.9375000000000868 0.25 0
82 0.8750000000000477 0.1875 0
83 0.9375000000000239 0.1875 0
84 0.8125000000002602 0.25 0
85 0.8125000000000715 0.1875 0
86 0.03124999999992635 0 0
87 0.06249999999990364 0.03125 0
88 0.03124999999997729 0.0625 0
89 0 0.03125 0
90 0.03124999999995182 0.03125 0
91 0.09374999999977905 0 0
92 0.1249999999998073 0.03125 0
93 0.09374999999993189 0.0625 0
94 0.09374999999985546 0.03125 0
95 0.125000000000011 0.09375 0
96 0.09375000000008468 0.125 0
97 0.06250000000000552 0.09375 0
98 0.09375000000000829 0.09375 0
99 0.03125000000002823 0.125 0
100 0 0.09375 0
101 0.03125000000000276 0.09375 0
102 0.1562499999996317 0 0
103 0.1874999999997109 0.03125 0
104 0.1562499999998865 0.0625 0
105 0.1562499999997591 0.03125 0
106 0.2187499999994845 0 0
107 0.2499999999996146 0.03125 0
108 0.218749999999841 0.0625 0
109 0.2187499999996628 0.03125 0
110 0.250000000000022 0.09375 0
111 0.2187500000001975 0.125 0
112 0.1875000000000165 0.09375 0
113 0.2187500000000192 0.09375 0
114 0.1562500000001411 0.125 0
115 0.1562500000000138 0.09375 0
116 0.1875000000003221 0.15625 0
117 0.1562500000003957 0.1875 0
118 0.1250000000002148 0.15625 0
119 0.1562500000002684 0.15625 0
120 0.2500000000004294 0.15625 0
121 0.218750000000554 0.1875 0
122 0.2187500000003758 0.15625 0
123 0.2500000000008368 0.21875 0
124 0.2187500000009104 0.25 0
125 0.1875000000006277 0.21875 0
126 0.2187500000007322 0.21875 0
127 0.1562500000006504 0.25 0
128 0.1250000000004184 0.21875 0
129 0.1562500000005231 0.21875 0
130 0.06250000000010739 0.15625 0
131 0.03125000000007915 0.1875 0
132 0 0.15625 0
133 0.03125000000005369 0.15625 0
134 0.09375000000023745 0.1875 0
135 0.09375000000016108 0.15625 0
136 0.09375000000039023 0.25 0
137 0.06250000000020922 0.21875 0
138 0.09375000000031383 0.21875 0
139 0.03125000000013008 0.25 0
140 0 0.21875 0
141 0.03125000000010461 0.21875 0
142 0.281249999999321 0 0
143 0.3124999999994892 0.03125 0
144 0.2812499999997827 0.0625 0
145 0.2812499999995519 0.03125 0
146 0.3437499999991414 0 0
147 0.3749999999993638 0.03125 0
148 0.3437499999997117 0.0625 0
149 0.3437499999994266 0.03125 0
150 0.3749999999999884 0.09375 0
151 0.3437500000002819 0.125 0
152 0.3125000000000052 0.09375 0
153 0.3437499999999968 0.09375 0
154 0.2812500000002445 0.125 0
155 0.2812500000000137 0.09375 0
156 0.4062499999989616 0 0
157 0.4374999999992384 0.03125 0
158 0.4062499999996406 0.0625 0
159 0.4062499999993012 0.03125 0
160 0.468749999998782 0 0
161 0.499999999999113 0.03125 0
162 0.4687499999995695 0.0625 0
163 0.4687499999991757 0.03125 0
164 0.4999999999999548 0.09375 0
165 0.468750000000357 0.125 0
166 0.4374999999999717 0.09375 0
167 0.4687499999999633 0.09375 0
168 0.4062500000003195 0.125 0
169 0.4062499999999801 0.09375 0
170 0.4375000000007049 0.15625 0
171 0.4062500000009984 0.1875 0
172 0.3750000000006131 0.15625 0
173 0.4062500000006589 0.15625 0
174 0.5000000000007967 0.15625 0
175 0.4687500000011446 0.1875 0
176 0.4687500000007508 0.15625 0
177 0.5000000000016386 0.21875 0
178 0.4687500000019321 0.25 0
179 0.4375000000014381 0.21875 0
180 0.4687500000015384 0.21875 0
181 0.4062500000016773 0.25 0
182 0.3750000000012377 0.21875 0
183 0.4062500000013378 0.21875 0
184 0.3125000000005212 0.15625 0
185 0.2812500000007062 0.1875 0
186 0.2812500000004753 0.15625 0
187 0.3437500000008523 0.1875 0
188 0.3437500000005672 0.15625 0
189 0.3437500000014226 0.25 0
190 0.3125000000010372 0.21875 0
191 0.3437500000011374 0.21875 0
192 0.2812500000011678 0.25 0
193 0.2812500000009369 0.21875 0
194 0.5312499999987732 0 0
195 0.5624999999992014 0.03125 0
196 0.5312499999995413 0.0625 0
197 0.5312499999991572 0.03125 0
198 0.5937499999989353 0 0
199 0.6249999999992897 0.03125 0
200 0.5937499999995559 0.0625 0
201 0.5937499999992457 0.03125 0
202 0.6249999999998366 0.09375 0
203 0.5937500000001764 0.125 0
204 0.5624999999998958 0.09375 0
205 0.5937499999998662 0.09375 0
206 0.5312500000003093 0.125 0
207 0.5312499999999253 0.09375 0
208 0.6562499999990974 0 0
209 0.6874999999993781 0.03125 0
210 0.6562499999995703 0.0625 0
211 0.6562499999993339 0.03125 0
212 0.7187499999992595 0 0
213 0.7499999999994664 0.03125 0
214 0.718749999999585 0.0625 0
215 0.7187499999994222 0.03125 0
216 0.7499999999997181 0.09375 0
217 0.7187499999999104 0.125 0
218 0.6874999999997773 0.09375 0
219 0.7187499999997476 0.09375 0
220 0.6562500000000434 0.125 0
221 0.656249999999807 0.09375 0
222 0.6875000000001764 0.15625 0
223 0.6562500000005163 0.1875 0
224 0.6250000000003832 0.15625 0
225 0.6562500000002799 0.15625 0
226 0.7499999999999697 0.15625 0
227 0.7187500000002357 0.1875 0
228 0.7187500000000731 0.15625 0
229 0.7500000000002213 0.21875 0
230 0.7187500000005611 0.25 0
231 0.6875000000005755 0.21875 0
232 0.7187500000003985 0.21875 0
233 0.6562500000009892 0.25 0
234 0.6250000000009299 0.21875 0
235 0.6562500000007527 0.21875 0
236 0.56250000000059 0.15625 0
237 0.5312500000010774 0.1875 0
238 0.5312500000006933 0.15625 0
239 0.5937500000007969 0.1875 0
240 0.5937500000004867 0.15625 0
241 0.5937500000014173 0.25 0
242 0.5625000000012843 0.21875 0
243 0.5937500000011071 0.21875 0
244 0.5312500000018454 0.25 0
245 0.5312500000014615 0.21875 0
246 0.7812499999994231 0 0
247 0.8124999999995999 0.03125 0
248 0.7812499999996433 0.0625 0
249 0.781249999999533 0.03125 0
250 0.8437499999995879 0 0
251 0.8749999999997332 0.03125 0
252 0.8437499999997452 0.0625 0
253 0.8437499999996666 0.03125 0
254 0.874999999999859 0.09375 0
255 0.8437499999999025 0.125 0
256 0.8124999999997886 0.09375 0
257 0.8437499999998237 0.09375 0
258 0.7812499999998634 0.125 0
259 0.7812499999997534 0.09375 0
260 0.9062499999997526 0 0
261 0.9374999999998666 0.03125 0
262 0.9062499999998471 0.0625 0
263 0.9062499999997999 0.03125 0
264 0.9687499999999176 0 0
265 1 0.03125 0
266 0.968749999999949 0.0625 0
267 0.9687499999999332 0.03125 0
268 1 0.09375 0
269 0.9687499999999805 0.125 0
270 0.9374999999999295 0.09375 0
271 0.9687499999999647 0.09375 0
272 0.9062499999999414 0.125 0
273 0.9062499999998942 0.09375 0
274 0.9374999999999925 0.15625 0
275 0.9062500000000357 0.1875 0
276 0.8749999999999849 0.15625 0
277 0.9062499999999886 0.15625 0
278 1 0.15625 0
279 0.968750000000012 0.1875 0
280 0.9687499999999962 0.15625 0
281 1 0.21875 0
282 0.9687500000000434 0.25 0
283 0.9375000000000553 0.21875 0
284 0.9687500000000275 0.21875 0
285 0.9062500000001301 0.25 0
286 0.8750000000001106 0.21875 0
287 0.9062500000000829 0.21875 0
288 0.8124999999999772 0.15625 0
289 0.7812500000000835 0.1875 0
290 0.7812499999999735 0.15625 0
291 0.8437500000000596 0.1875 0
292 0.8437499999999811 0.15625 0
293 0.8437500000002169 0.25 0
294 0.8125000000001659 0.21875 0
295 0.8437500000001383 0.21875 0
296 0.7812500000003036 0.25 0
297 0.7812500000001935 0.21875 0
$EndNodes
$Elements
256
1 3 2 1 1 1 86 90 89
2 3 2 1 1 86 28 87 90
3 3 2 1 1 90 87 32 88
4 3 2 1 1 89 90 88 31
5 3 2 1 1 28 91 94 87
6 3 2 1 1 91 11 92 94
7 3 2 1 1 94 92 29 93
8 3 2 1 1 87 94 93 32
9 3 2 1 1 32 93 98 97
10 3 2 1 1 93 29 95 98
11 3 2 1 1 98 95 15 96
12 3 2 1 1 97 98 96 30
13 3 2 1 1 31 88 101 100
14 3 2 1 1 88 32 97 101
15 3 2 1 1 101 97 30 99
16 3 2 1 1 100 101 99 14
17 3 2 1 1 11 102 105 92
18 3 2 1 1 102 33 103 105
19 3 2 1 1 105 103 36 104
20 3 2 1 1 92 105 104 29
21 3 2 1 1 33 106 109 103
22 3 2 1 1 106 5 107 109
23 3 2 1 1 109 107 34 108
24 3 2 1 1 103 109 108 36
25 3 2 1 1 36 108 113 112
26 3 2 1 1 108 34 110 113
27 3 2 1 1 113 110 12 111
28 3 2 1 1 112 113 111 35
29 3 2 1 1 29 104 115 95
30 3 2 1 1 104 36 112 115
31 3 2 1 1 115 112 35 114
32 3 2 1 1 95 115 114 15
33 3 2 1 1 15 114 119 118
34 3 2 1 1 114 35 116 119
35 3 2 1 1 119 116 40 117
36 3 2 1 1 118 119 117 39
37 3 2 1 1 35 111 122 116
38 3 2 1 1 111 12 120 122
39 3 2 1 1 122 120 37 121
40 3 2 1 1 116 122 121 40
41 3 2 1 1 40 121 126 125
42 3 2 1 1 121 37 123 126
43 3 2 1 1 126 123 10 124
44 3 2 1 1 125 126 124 38
45 3 2 1 1 39 117 129 128
46 3 2 1 1 117 40 125 129
47 3 2 1 1 129 125 38 127
48 3 2 1 1 128 129 127 13
49 3 2 1 1 14 99 133 132
50 3 2 1 1 99 30 130 133
51 3 2 1 1 133 130 43 131
52 3 2 1 1 132 133 131 42
53 3 2 1 1 30 96 135 130
54 3 2 1 1 96 15 118 135
55 3 2 1 1 135 118 39 134
56 3 2 1 1 130 135 134 43
57 3 2 1 1 43 134 138 137
58 3 2 1 1 134 39 128 138
59 3 2 1 1 138 128 13 136
60 3 2 1 1 137 138 136 41
61 3 2 1 1 42 131 141 140
62 3 2 1 1 131 43 137 141
63 3 2 1 1 141 137 41 139
64 3 2 1 1 140 141 139 4
65 3 2 1 1 5 142 145 107
66 3 2 1 1 142 44 143 145
67 3 2 1 1 145 143 47 144
68 3 2 1 1 107 145 144 34
69 3 2 1 1 44 146 149 143
70 3 2 1 1 146 16 147 149
71 3 2 1 1 149 147 45 148
72 3 2 1 1 143 149 148 47
73 3 2 1 1 47 148 153 152
74 3 2 1 1 148 45 150 153
75 3 2 1 1 153 150 19 151
76 3 2 1 1 152 153 151 46
77 3 2 1 1 34 144 155 110
78 3 2 1 1 144 47 152 155
79 3 2 1 1 155 152 46 154
80 3 2 1 1 110 155 154 12
81 3 2 1 1 16 156 159 147
82 3 2 1 1 156 48 157 159
83 3 2 1 1 159 157 51 158
84 3 2 1 1 147 159 158 45
85 3 2 1 1 48 160 163 157
86 3 2 1 1 160 6 161 163
87 3 2 1 1 163 161 49 162
88 3 2 1 1 157 163 162 51
89 3 2 1 1 51 162 167 166
90 3 2 1 1 162 49 164 167
91 3 2 1 1 167 164 17 165
92 3 2 1 1 166 167 165 50
93 3 2 1 1 45 158 169 150
94 3 2 1 1 158 51 166 169
95 3 2 1 1 169 166 50 168
96 3 2 1 1 150 169 168 19
97 3 2 1 1 19 168 173 172
98 3 2 1 1 168 50 170 173
99 3 2 1 1 173 170 55 171
100 3 2 1 1 172 173 171 54
101 3 2 1 1 50 165 176 170
102 3 2 1 1 165 17 174 176
103 3 2 1 1 176 174 52 175
104 3 2 1 1 170 176 175 55
105 3 2 1 1 55 175 180 179
106 3 2 1 1 175 52 177 180
107 3 2 1 1 180 177 9 178
108 3 2 1 1 179 180 178 53
109 3 2 1 1 54 171 183 182
110 3 2 1 1 171 55 179 183
111 3 2 1 1 183 179 53 181
112 3 2 1 1 182 183 181 18
113 3 2 1 1 12 154 186 120
114 3 2 1 1 154 46 184 186
115 3 2 1 1 186 184 57 185
116 3 2 1 1 120 186 185 37
117 3 2 1 1 46 151 188 184
118 3 2 1 1 151 19 172 188
119 3 2 1 1 188 172 54 187
120 3 2 1 1 184 188 187 57
121 3 2 1 1 57 187 191 190
122 3 2 1 1 187 54 182 191
123 3 2 1 1 191 182 18 189
124 3 2 1 1 190 191 189 56
125 3 2 1 1 37 185 193 123
126 3 2 1 1 185 57 190 193
127 3 2 1 1 193 190 56 192
128 3 2 1 1 123 193 192 10
129 3 2 1 1 6 194 197 161
130 3 2 1 1 194 58 195 197
131 3 2 1 1 197 195 61 196
132 3 2 1 1 161 197 196 49
133 3 2 1 1 58 198 201 195
134 3 2 1 1 198 20 199 201
135 3 2 1 1 201 199 59 200
136 3 2 1 1 195 201 200 61
137 3 2 1 1 61 200 205 204
138 3 2 1 1 200 59 202 205
139 3 2 1 1 205 202 23 203
140 3 2 1 1 204 205 203 60
141 3 2 1 1 49 196 207 164
142 3 2 1 1 196 61 204 207
143 3 2 1 1 207 204 60 206
144 3 2 1 1 164 207 206 17
145 3 2 1 1 20 208 211 199
146 3 2 1 1 208 62 209 211
147 3 2 1 1 211 209 65 210
148 3 2 1 1 199 211 210 59
149 3 2 1 1 62 212 215 209
150 3 2 1 1 212 7 213 215
151 3 2 1 1 215 213 63 214
152 3 2 1 1 209 215 214 65
153 3 2 1 1 65 214 219 218
154 3 2 1 1 214 63 216 219
155 3 2 1 1 219 216 21 217
156 3 2 1 1 218 219 217 64
157 3 2 1 1 59 210 221 202
158 3 2 1 1 210 65 218 221
159 3 2 1 1 221 218 64 220
160 3 2 1 1 202 221 220 23
161 3 2 1 1 23 220 225 224
162 3 2 1 1 220 64 222 225
163 3 2 1 1 225 222 69 223
164 3 2 1 1 224 225 223 68
165 3 2 1 1 64 217 228 222
166 3 2 1 1 217 21 226 228
167 3 2 1 1 228 226 66 227
168 3 2 1 1 222 228 227 69
169 3 2 1 1 69 227 232 231
170 3 2 1 1 227 66 229 232
171 3 2 1 1 232 229 8 230
172 3 2 1 1 231 232 230 67
173 3 2 1 1 68 223 235 234
174 3 2 1 1 223 69 231 235
175 3 2 1 1 235 231 67 233
176 3 2 1 1 234 235 233 22
177 3 2 1 1 17 206 238 174
178 3 2 1 1 206 60 236 238
179 3 2 1 1 238 236 71 237
180 3 2 1 1 174 238 237 52
181 3 2 1 1 60 203 240 236
182 3 2 1 1 203 23 224 240
183 3 2 1 1 240 224 68 239
184 3 2 1 1 236 240 239 71
185 3 2 1 1 71 239 243 242
186 3 2 1 1 239 68 234 243
187 3 2 1 1 243 234 22 241
188 3 2 1 1 242 243 241 70
189 3 2 1 1 52 237 245 177
190 3 2 1 1 237 71 242 245
191 3 2 1 1 245 242 70 244
192 3 2 1 1 177 245 244 9
193 3 2 1 1 7 246 249 213
194 3 2 1 1 246 72 247 249
195 3 2 1 1 249 247 75 248
196 3 2 1 1 213 249 248 63
197 3 2 1 1 72 250 253 247
198 3 2 1 1 250 24 251 253
199 3 2 1 1 253 251 73 252
200 3 2 1 1 247 253 252 75
201 3 2 1 1 75 252 257 256
202 3 2 1 1 252 73 254 257
203 3 2 1 1 257 254 27 255
204 3 2 1 1 256 257 255 74
205 3 2 1 1 63 248 259 216
206 3 2 1 1 248 75 256 259
207 3 2 1 1 259 256 74 258
208 3 2 1 1 216 259 258 21
209 3 2 1 1 24 260 263 251
210 3 2 1 1 260 76 261 263
211 3 2 1 1 263 261 79 262
212 3 2 1 1 251 263 262 73
213 3 2 1 1 76 264 267 261
214 3 2 1 1 264 2 265 267
215 3 2 1 1 267 265 77 266
216 3 2 1 1 261 267 266 79
217 3 2 1 1 79 266 271 270
218 3 2 1 1 266 77 268 271
219 3 2 1 1 271 268 25 269
220 3 2 1 1 270 271 269 78
221 3 2 1 1 73 262 273 254
222 3 2 1 1 262 79 270 273
223 3 2 1 1 273 270 78 272
224 3 2 1 1 254 273 272 27
225 3 2 1 1 27 272 277 276
226 3 2 1 1 272 78 274 277
227 3 2 1 1 277 274 83 275
228 3 2 1 1 276 277 275 82
229 3 2 1 1 78 269 280 274
230 3 2 1 1 269 25 278 280
231 3 2 1 1 280 278 80 279
232 3 2 1 1 274 280 279 83
233 3 2 1 1 83 279 284 283
234 3 2 1 1 279 80 281 284
235 3 2 1 1 284 281 3 282
236 3 2 1 1 283 284 282 81
237 3 2 1 1 82 275 287 286
238 3 2 1 1 275 83 283 287
239 3 2 1 1 287 283 81 285
240 3 2 1 1 286 287 285 26
241 3 2 1 1 21 258 290 226
242 3 2 1 1 258 74 288 290
243 3 2 1 1 290 288 85 289
244 3 2 1 1 226 290 289 66
245 3 2 1 1 74 255 292 288
246 3 2 1 1 255 27 276 292
247 3 2 1 1 292 276 82 291
248 3 2 1 1 288 292 291 85
249 3 2 1 1 85 291 295 294
250 3 2 1 1 291 82 286 295
251 3 2 1 1 295 286 26 293
252 3 2 1 1 294 295 293 84
253 3 2 1 1 66 289 297 229
254 3 2 1 1 289 85 294 297
255 3 2 1 1 297 294 84 296
256 3 2 1 1 229 297 296 8
$EndElements
