$MeshFormat
2.2 0 8
$EndMeshFormat
$Nodes
27
1 0 0 0
2 1 0 0
3 1 0.25 0
4 0 0.25 0
5 0.2499999999994109 0 0
6 0.4999999999986921 0 0
7 0.7499999999993406 0 0
8 0.7500000000003471 0.25 0
9 0.5000000000020595 0.25 0
10 0.2500000000010405 0.25 0
11 0.1249999999997054 0 0
12 0.2500000000002257 0.125 0
13 0.1250000000005203 0.25 0
14 0 0.125 0
15 0.1250000000001129 0.125 0
16 0.3749999999990515 0 0
17 0.5000000000003758 0.125 0
18 0.37500000000155 0.25 0
19 0.3750000000003007 0.125 0
20 0.6249999999990163 0 0
21 0.7499999999998439 0.125 0
22 0.6250000000012033 0.25 0
23 0.6250000000001099 0.125 0
24 0.8749999999996703 0 0
25 1 0.125 0
26 0.8750000000001735 0.25 0
27 0.874999999999922 0.125 0
$EndNodes
$Elements
16
1 3 2 1 1 1 11 15 14
2 3 2 1 1 11 5 12 15
3 3 2 1 1 15 12 10 13
4 3 2 1 1 14 15 13 4
5 3 2 1 1 5 16 19 12
6 3 2 1 1 16 6 17 19
7 3 2 1 1 19 17 9 18
8 3 2 1 1 12 19 18 10
9 3 2 1 1 6 20 23 17
10 3 2 1 1 20 7 21 23
11 3 2 1 1 23 21 8 22
12 3 2 1 1 17 23 22 9
13 3 2 1 1 7 24 27 21
14 3 2 1 1 24 2 25 27
15 3 2 1 1 27 25 3 26
16 3 2 1 1 21 27 26 8
$EndElements
