$MeshFormat
2.2 0 8
$EndMeshFormat
$Nodes
225
1 0 0 0
2 5 0 0
3 5 5 0
4 0 5 0
5 2.499999999996199 0 0
6 2.5 5 0
7 0 2.5 0
8 5 2.499999999996199 0
9 2.499999999998099 2.499999999998099 0
10 1.2499999999981 0 0
11 2.499999999997149 1.249999999999049 0
12 1.249999999999049 2.49999999999905 0
13 0 1.25 0
14 1.249999999998574 1.249999999999525 0
15 2.49999999999905 3.74999999999905 0
16 1.25 5 0
17 0 3.75 0
18 1.249999999999525 3.749999999999525 0
19 3.749999999998099 0 0
20 5 1.2499999999981 0
21 3.74999999999905 2.499999999997149 0
22 3.749999999998574 1.249999999998574 0
23 5 3.749999999998099 0
24 3.75 5 0
25 3.749999999999525 3.749999999998574 0
26 0.62499999999905 0 0
27 1.249999999998337 0.6249999999997625 0
28 0.624999999999287 1.249999999999762 0
29 0 0.625 0
30 0.6249999999991684 0.6249999999998812 0
31 1.874999999997149 0 0
32 2.499999999996674 0.6249999999995245 0
33 1.874999999997861 1.249999999999287 0
34 1.874999999997505 0.6249999999996435 0
35 2.499999999997624 1.874999999998574 0
36 1.874999999998574 2.499999999998574 0
37 1.249999999998812 1.874999999999288 0
38 1.874999999998218 1.874999999998931 0
39 0.6249999999995245 2.499999999999525 0
40 0 1.875 0
41 0.6249999999994058 1.874999999999644 0
42 1.249999999999287 3.124999999999288 0
43 0.6249999999997625 3.749999999999762 0
44 0 3.125 0
45 0.6249999999996435 3.124999999999644 0
46 2.499999999998574 3.124999999998574 0
47 1.874999999999288 3.749999999999288 0
48 1.874999999998931 3.124999999998932 0
49 2.499999999999525 4.374999999999525 0
50 1.875 5 0
51 1.249999999999762 4.374999999999762 0
52 1.874999999999644 4.374999999999643 0
53 0.625 5 0
54 0 4.375 0
55 0.6249999999998812 4.374999999999881 0
56 3.124999999997149 0 0
57 3.749999999998336 0.624999999999287 0
58 3.124999999997861 1.249999999998812 0
59 3.124999999997505 0.6249999999994058 0
60 4.37499999999905 0 0
61 5 0.62499999999905 0
62 4.374999999999287 1.249999999998337 0
63 4.374999999999168 0.6249999999991684 0
64 5 1.874999999997149 0
65 4.374999999999525 2.499999999996674 0
66 3.749999999998812 1.874999999997861 0
67 4.374999999999406 1.874999999997505 0
68 3.124999999998574 2.499999999997624 0
69 3.124999999998218 1.874999999998218 0
70 3.749999999999288 3.124999999997861 0
71 3.124999999999288 3.749999999998812 0
72 3.124999999998931 3.124999999998218 0
73 5 3.124999999997149 0
74 4.374999999999762 3.749999999998336 0
75 4.374999999999643 3.124999999997505 0
76 5 4.37499999999905 0
77 4.375 5 0
78 3.749999999999762 4.374999999999287 0
79 4.374999999999881 4.374999999999168 0
80 3.125 5 0
81 3.124999999999644 4.374999999999406 0
82 10 0 0
83 10 5 0
84 7.5 0 0
85 10 2.499999999996199 0
86 7.5 5 0
87 7.5 2.499999999996199 0
88 6.25 0 0
89 7.5 1.2499999999981 0
90 6.25 2.499999999996199 0
91 6.25 1.2499999999981 0
92 7.5 3.749999999998099 0
93 6.25 5 0
94 6.25 3.749999999998099 0
95 8.75 0 0
96 10 1.2499999999981 0
97 8.75 2.499999999996199 0
98 8.75 1.2499999999981 0
99 10 3.749999999998099 0
100 8.75 5 0
101 8.75 3.749999999998099 0
102 5.625 0 0
103 6.25 0.62499999999905 0
104 5.625 1.2499999999981 0
105 5.625 0.62499999999905 0
106 6.875 0 0
107 7.5 0.62499999999905 0
108 6.875 1.2499999999981 0
109 6.875 0.62499999999905 0
110 7.5 1.874999999997149 0
111 6.875 2.499999999996199 0
112 6.25 1.874999999997149 0
113 6.875 1.87499999999715 0
114 5.625 2.499999999996199 0
115 5.625 1.87499999999715 0
116 6.25 3.124999999997149 0
117 5.625 3.749999999998099 0
118 5.625 3.124999999997149 0
119 7.5 3.124999999997149 0
120 6.875 3.749999999998099 0
121 6.875 3.124999999997149 0
122 7.5 4.37499999999905 0
123 6.875 5 0
124 6.25 4.37499999999905 0
125 6.875 4.37499999999905 0
126 5.625 5 0
127 5.625 4.37499999999905 0
128 8.125 0 0
129 8.75 0.62499999999905 0
130 8.125 1.2499999999981 0
131 8.125 0.62499999999905 0
132 9.375 0 0
133 10 0.62499999999905 0
134 9.375 1.2499999999981 0
135 9.375 0.62499999999905 0
136 10 1.874999999997149 0
137 9.375 2.499999999996199 0
138 8.75 1.874999999997149 0
139 9.375 1.87499999999715 0
140 8.125 2.499999999996199 0
141 8.125 1.87499999999715 0
142 8.75 3.124999999997149 0
143 8.125 3.749999999998099 0
144 8.125 3.124999999997149 0
145 10 3.124999999997149 0
146 9.375 3.749999999998099 0
147 9.375 3.124999999997149 0
148 10 4.37499999999905 0
149 9.375 5 0
150 8.75 4.37499999999905 0
151 9.375 4.37499999999905 0
152 8.125 5 0
153 8.125 4.37499999999905 0
154 10 10 0
155 5 10 0
156 10 7.5 0
157 7.5 10 0
158 5 7.5 0
159 7.5 7.5 0
160 10 6.25 0
161 8.75 7.5 0
162 7.5 6.25 0
163 8.75 6.25 0
164 6.25 7.5 0
165 5 6.25 0
166 6.25 6.25 0
167 10 8.75 0
168 8.75 10 0
169 7.5 8.75 0
170 8.75 8.75 0
171 6.25 10 0
172 5 8.75 0
173 6.25 8.75 0
174 10 5.625 0
175 9.375 6.25 0
176 8.75 5.625 0
177 9.375 5.625 0
178 10 6.875 0
179 9.375 7.5 0
180 8.75 6.875 0
181 9.375 6.875 0
182 8.125 7.5 0
183 7.5 6.875 0
184 8.125 6.25 0
185 8.125 6.875 0
186 7.5 5.625 0
187 8.125 5.625 0
188 6.875 6.25 0
189 6.25 5.625 0
190 6.875 5.625 0
191 6.875 7.5 0
192 6.25 6.875 0
193 6.875 6.875 0
194 5.625 7.5 0
195 5 6.875 0
196 5.625 6.25 0
197 5.625 6.875 0
198 5 5.625 0
199 5.625 5.625 0
200 10 8.125 0
201 9.375 8.75 0
202 8.75 8.125 0
203 9.375 8.125 0
204 10 9.375 0
205 9.375 10 0
206 8.75 9.375 0
207 9.375 9.375 0
208 8.125 10 0
209 7.5 9.375 0
210 8.125 8.75 0
211 8.125 9.375 0
212 7.5 8.125 0
213 8.125 8.125 0
214 6.875 8.75 0
215 6.25 8.125 0
216 6.875 8.125 0
217 6.875 10 0
218 6.25 9.375 0
219 6.875 9.375 0
220 5.625 10 0
221 5 9.375 0
222 5.625 8.75 0
223 5.625 9.375 0
224 5 8.125 0
225 5.625 8.125 0
$EndNodes
$Elements
192
1 3 2 1 1 1 26 30 29
2 3 2 1 1 26 10 27 30
3 3 2 1 1 30 27 14 28
4 3 2 1 1 29 30 28 13
5 3 2 1 1 10 31 34 27
6 3 2 1 1 31 5 32 34
7 3 2 1 1 34 32 11 33
8 3 2 1 1 27 34 33 14
9 3 2 1 1 14 33 38 37
10 3 2 1 1 33 11 35 38
11 3 2 1 1 38 35 9 36
12 3 2 1 1 37 38 36 12
13 3 2 1 1 13 28 41 40
14 3 2 1 1 28 14 37 41
15 3 2 1 1 41 37 12 39
16 3 2 1 1 40 41 39 7
17 3 2 1 1 7 39 45 44
18 3 2 1 1 39 12 42 45
19 3 2 1 1 45 42 18 43
20 3 2 1 1 44 45 43 17
21 3 2 1 1 12 36 48 42
22 3 2 1 1 36 9 46 48
23 3 2 1 1 48 46 15 47
24 3 2 1 1 42 48 47 18
25 3 2 1 1 18 47 52 51
26 3 2 1 1 47 15 49 52
27 3 2 1 1 52 49 6 50
28 3 2 1 1 51 52 50 16
29 3 2 1 1 17 43 55 54
30 3 2 1 1 43 18 51 55
31 3 2 1 1 55 51 16 53
32 3 2 1 1 54 55 53 4
33 3 2 1 1 5 56 59 32
34 3 2 1 1 56 19 57 59
35 3 2 1 1 59 57 22 58
36 3 2 1 1 32 59 58 11
37 3 2 1 1 19 60 63 57
38 3 2 1 1 60 2 61 63
39 3 2 1 1 63 61 20 62
40 3 2 1 1 57 63 62 22
41 3 2 1 1 22 62 67 66
42 3 2 1 1 62 20 64 67
43 3 2 1 1 67 64 8 65
44 3 2 1 1 66 67 65 21
45 3 2 1 1 11 58 69 35
46 3 2 1 1 58 22 66 69
47 3 2 1 1 69 66 21 68
48 3 2 1 1 35 69 68 9
49 3 2 1 1 9 68 72 46
50 3 2 1 1 68 21 70 72
51 3 2 1 1 72 70 25 71
52 3 2 1 1 46 72 71 15
53 3 2 1 1 21 65 75 70
54 3 2 1 1 65 8 73 75
55 3 2 1 1 75 73 23 74
56 3 2 1 1 70 75 74 25
57 3 2 1 1 25 74 79 78
58 3 2 1 1 74 23 76 79
59 3 2 1 1 79 76 3 77
60 3 2 1 1 78 79 77 24
61 3 2 1 1 15 71 81 49
62 3 2 1 1 71 25 78 81
63 3 2 1 1 81 78 24 80
64 3 2 1 1 49 81 80 6
65 3 2 1 2 2 102 105 61
66 3 2 1 2 102 88 103 105
67 3 2 1 2 105 103 91 104
68 3 2 1 2 61 105 104 20
69 3 2 1 2 88 106 109 103
70 3 2 1 2 106 84 107 109
71 3 2 1 2 109 107 89 108
72 3 2 1 2 103 109 108 91
73 3 2 1 2 91 108 113 112
74 3 2 1 2 108 89 110 113
75 3 2 1 2 113 110 87 111
76 3 2 1 2 112 113 111 90
77 3 2 1 2 20 104 115 64
78 3 2 1 2 104 91 112 115
79 3 2 1 2 115 112 90 114
80 3 2 1 2 64 115 114 8
81 3 2 1 2 8 114 118 73
82 3 2 1 2 114 90 116 118
83 3 2 1 2 118 116 94 117
84 3 2 1 2 73 118 117 23
85 3 2 1 2 90 111 121 116
86 3 2 1 2 111 87 119 121
87 3 2 1 2 121 119 92 120
88 3 2 1 2 116 121 120 94
89 3 2 1 2 94 120 125 124
90 3 2 1 2 120 92 122 125
91 3 2 1 2 125 122 86 123
92 3 2 1 2 124 125 123 93
93 3 2 1 2 23 117 127 76
94 3 2 1 2 117 94 124 127
95 3 2 1 2 127 124 93 126
96 3 2 1 2 76 127 126 3
97 3 2 1 2 84 128 131 107
98 3 2 1 2 128 95 129 131
99 3 2 1 2 131 129 98 130
100 3 2 1 2 107 131 130 89
101 3 2 1 2 95 132 135 129
102 3 2 1 2 132 82 133 135
103 3 2 1 2 135 133 96 134
104 3 2 1 2 129 135 134 98
105 3 2 1 2 98 134 139 138
106 3 2 1 2 134 96 136 139
107 3 2 1 2 139 136 85 137
108 3 2 1 2 138 139 137 97
109 3 2 1 2 89 130 141 110
110 3 2 1 2 130 98 138 141
111 3 2 1 2 141 138 97 140
112 3 2 1 2 110 141 140 87
113 3 2 1 2 87 140 144 119
114 3 2 1 2 140 97 142 144
115 3 2 1 2 144 142 101 143
116 3 2 1 2 119 144 143 92
117 3 2 1 2 97 137 147 142
118 3 2 1 2 137 85 145 147
119 3 2 1 2 147 145 99 146
120 3 2 1 2 142 147 146 101
121 3 2 1 2 101 146 151 150
122 3 2 1 2 146 99 148 151
123 3 2 1 2 151 148 83 149
124 3 2 1 2 150 151 149 100
125 3 2 1 2 92 143 153 122
126 3 2 1 2 143 101 150 153
127 3 2 1 2 153 150 100 152
128 3 2 1 2 122 153 152 86
129 3 2 1 3 83 174 177 149
130 3 2 1 3 174 160 175 177
131 3 2 1 3 177 175 163 176
132 3 2 1 3 149 177 176 100
133 3 2 1 3 160 178 181 175
134 3 2 1 3 178 156 179 181
135 3 2 1 3 181 179 161 180
136 3 2 1 3 175 181 180 163
137 3 2 1 3 163 180 185 184
138 3 2 1 3 180 161 182 185
139 3 2 1 3 185 182 159 183
140 3 2 1 3 184 185 183 162
141 3 2 1 3 100 176 187 152
142 3 2 1 3 176 163 184 187
143 3 2 1 3 187 184 162 186
144 3 2 1 3 152 187 186 86
145 3 2 1 3 86 186 190 123
146 3 2 1 3 186 162 188 190
147 3 2 1 3 190 188 166 189
148 3 2 1 3 123 190 189 93
149 3 2 1 3 162 183 193 188
150 3 2 1 3 183 159 191 193
151 3 2 1 3 193 191 164 192
152 3 2 1 3 188 193 192 166
153 3 2 1 3 166 192 197 196
154 3 2 1 3 192 164 194 197
155 3 2 1 3 197 194 158 195
156 3 2 1 3 196 197 195 165
157 3 2 1 3 93 189 199 126
158 3 2 1 3 189 166 196 199
159 3 2 1 3 199 196 165 198
160 3 2 1 3 126 199 198 3
161 3 2 1 3 156 200 203 179
162 3 2 1 3 200 167 201 203
163 3 2 1 3 203 201 170 202
164 3 2 1 3 179 203 202 161
165 3 2 1 3 167 204 207 201
166 3 2 1 3 204 154 205 207
167 3 2 1 3 207 205 168 206
168 3 2 1 3 201 207 206 170
169 3 2 1 3 170 206 211 210
170 3 2 1 3 206 168 208 211
171 3 2 1 3 211 208 157 209
172 3 2 1 3 210 211 209 169
173 3 2 1 3 161 202 213 182
174 3 2 1 3 202 170 210 213
175 3 2 1 3 213 210 169 212
176 3 2 1 3 182 213 212 159
177 3 2 1 3 159 212 216 191
178 3 2 1 3 212 169 214 216
179 3 2 1 3 216 214 173 215
180 3 2 1 3 191 216 215 164
181 3 2 1 3 169 209 219 214
182 3 2 1 3 209 157 217 219
183 3 2 1 3 219 217 171 218
184 3 2 1 3 214 219 218 173
185 3 2 1 3 173 218 223 222
186 3 2 1 3 218 171 220 223
187 3 2 1 3 223 220 155 221
188 3 2 1 3 222 223 221 172
189 3 2 1 3 164 215 225 194
190 3 2 1 3 215 173 222 225
191 3 2 1 3 225 222 172 224
192 3 2 1 3 194 225 224 158
$EndElements
